cam1:
  width: 640
  height: 480
  fx: 385.716552734375
  fy: 385.2541198730469
  cx: 320.8727722167969
  cy: 239.6362762451172
  distortion_model: inverse_brown_conrady
  distortion_coeffs: [-0.05676564201712608, 0.06551581621170044, 0.00036026633461005986, 0.0010946334805339575, -0.020970700308680534]

cam2:
  width: 640
  height: 480
  fx: 614.52099609375
  fy: 614.460693359375
  cx: 322.1363525390625
  cy: 248.58843994140625
  distortion_model: inverse_brown_conrady
  distortion_coeffs: [0.0, 0.0, 0.0, 0.0, 0.0]

cam3:
  width: 640
  height: 480
  fx: 388.5696716308594
  fy: 388.11639404296875
  cx: 319.456787109375
  cy: 248.93724060058594
  distortion_model: inverse_brown_conrady
  distortion_coeffs: [-0.05426320433616638, 0.06088121235370636, 0.0007697998662479222, 0.0004985771374776959, -0.019820772111415863]